002634
300674
301008
002644
300885
300270
300093
300488
000913
000155
002082
300137
002413
300254
300246
300780
002796
300677
301550
300762
300798
300016
000008
300548
002501
300027
300603
002937
301511
003002
301338
002950
002432
300920
300461
300326
002370
002858
301280
300895
300503
301200
300209
300990
000612
301321
300385
301228
300839
002980
002866
301398
301252
000753
300245
000975
300565
300313
002788
000592
300129
301456
301310
000890
002675
300125
300689
300955
002309
301182
301153
300779
300567
300804
000807
301040
002149
002361
002035
301246
300775
002850
003036
002038
300854
300265
301216
300961
300212
300300
300900
300936
300457
300943
300580
301005
002686
301306
300189
300143
300858
002484
003042
000782
000905
002810
301526
301232
001230
000628
301136
002859
301015
301017
300745
300132
301225
301181
300142
300683
300301
300585
300204
300863
002222
300057
301226
300364
301239
000632
301377
002578
