002752
301132
000988
002634
001282
002072
000903
002556
300097
002256
300761
300030
002123
601678
301000
300784
300454
301158
002783
300174
601339
301003
000718
601990
300564
002462
002648
002074
600630
000715
300412
300109
002718
002531
600071
300287
300501
600520
300128
300211
002977
300496
600350
002922
600163
300928
301303
301013
600110
600636
002456
300337
001376
300674
002233
600570
300231
300578
301313
000856
002544
300445
600930
000798
600366
301079
300693
000153
002769
000993
002466
000833
600811
002270
600054
002631
301008
601669
300778
301286
300859
601828
000848
600360
601579
002305
600775
601098
000063
301288
001300
000059
600345
000801
002644
002320
002381
001296
600638
300627
000728
000536
002557
002534
002683
600888
001299
301035
002440
002862
301499
601718
600705
000006
601788
001396
600436
600883
000407
301237
300695
300664
000901
300259
002099
000783
600173
301391
001234
601033
002948
300130
300671
002942
000333
002917
601598
000949
300406
001288
300802
300518
601528
002791
600510
002820
300972
000045
300899
300885
002048
600704
300355
301080
002888
600714
000655
300559
301055
600683
000908
600545
002384
301255
002333
002742
300093
000626
600161
601700
600855
002106
300402
300193
600061
301118
300836
300893
000429
300167
002736
301180
300488
002553
000913
002150
301036
002414
300523
300679
600581
301086
002033
002152
301328
600609
300111
300637
000524
600159
301459
600629
300621
002756
000970
000155
301507
300105
002996
002442
300124
002957
300703
301281
601698
600121
300636
601229
002542
600456
300755
301548
600117
000560
300382
301116
301095
300368
002082
300953
300137
002021
601818
002633
001336
600745
002803
001333
300535
600956
002857
301001
002170
300278
300439
301517
000019
002286
600805
002237
000677
002415
600539
600516
600732
600865
600133
002438
300861
002512
600370
300882
600507
002716
001213
002719
300732
000589
002666
002151
300354
002003
600563
000629
300218
300592
002145
301043
301509
300476
002413
600273
601577
002663
300982
300394
002108
601238
002526
600999
601952
300792
301552
002168
300099
600500
300033
300083
300145
300254
300200
000923
301291
000567
301439
301491
600481
002205
001212
300670
000573
300246
002625
002392
002493
600187
300810
002650
001308
300780
000987
002025
301469
300789
000034
000608
002296
300935
002529
002114
300391
002892
300697
300912
600252
600596
000584
002796
601866
601236
300917
300680
000090
000778
600019
301107
000622
002179
000657
301065
600586
000816
002703
000539
600435
300598
300677
300765
301290
300307
002451
301190
600698
300640
000546
301584
601096
002284
301550
301337
000876
000690
002763
600983
002423
601200
301505
601168
002659
002358
300762
002807
301165
002077
300798
300277
002500
002204
600105
300817
600556
300016
002317
002418
000008
600392
600969
001979
300587
601216
300316
000758
300001
001229
300952
601008
601929
301622
002383
600021
001395
300081
002965
600872
600862
001359
002603
002912
002023
301211
001373
601881
600300
002085
002219
600405
301025
300938
300548
301487
601811
000799
001298
002351
001358
002824
002481
002818
301096
601288
600482
301299
002215
600796
600792
301397
301256
002019
001367
300856
300383
300596
002426
300825
002263
000089
600312
300739
300981
601139
301680
301223
002174
300172
002090
002972
002272
000534
301275
601059
600470
002037
000708
002629
002729
601717
001332
002120
002406
300896
002316
002264
000021
000599
600791
001267
300044
300067
300127
002485
002953
000837
600809
002501
000779
301032
002250
600400
300741
300606
002927
301535
300528
301199
600595
000552
002909
601199
300112
301168
301633
002855
300603
600676
300323
300203
001218
001872
002593
600601
002160
600868
002773
600508
002271
600332
600201
300659
002599
002300
600130
601628
000012
600640
600237
600641
002790
600584
301348
300271
600395
300050
300467
002004
600663
002647
600419
000877
001201
002360
002937
000703
300381
600103
000920
002427
001337
000863
601808
002733
300651
301511
002165
001379
300190
301486
300520
300335
000707
601886
601958
300579
600512
300945
001217
000968
301587
601860
600660
600491
001390
002278
002153
002871
300110
002396
600433
600403
300022
300533
000031
301512
300832
002624
301176
601177
000637
600458
300529
600004
300515
002410
301027
002030
000793
002184
000811
002100
002066
300923
300946
002564
002559
600531
600115
600857
002620
000826
601872
600622
300230
600722
600824
000530
300614
301269
002992
300770
300577
600753
300618
300310
301338
002532
002950
300416
301396
300530
600156
002821
000670
300210
002602
000796
300120
300977
300346
301489
002269
600483
300715
600876
601369
002690
601330
002432
600193
002486
301617
300623
000672
601992
000692
600320
002437
300920
301390
300461
001400
600416
300326
601456
300011
002207
600720
301133
301667
600616
300150
002065
002247
000488
002258
600279
000915
600686
002441
002370
600415
600506
600327
600011
301575
002228
600202
300040
300054
300181
300827
600755
002908
601006
601868
300850
300135
002483
300100
000554
300777
002576
600031
300709
002266
000586
600530
600757
600716
601668
001965
300007
600597
000040
002858
000926
301356
001287
301365
301101
600997
000096
002609
002885
600802
002444
300918
002176
002706
600774
301280
601728
600418
300304
300026
300658
300711
002129
600844
300348
001270
000755
301215
000078
301099
300988
600610
000501
002253
300607
600070
000566
300197
300545
001319
002958
300025
301329
300188
002467
000813
300942
300263
600617
300684
002122
001386
001286
000002
301488
300648
601128
002032
300512
601000
600988
600847
600725
600751
002822
600797
600851
600012
002679
600562
600000
600184
002244
600812
600637
000421
000545
301039
002094
001324
300225
002732
600639
000032
600958
001330
600239
600369
301009
000068
001326
300009
300477
000419
301135
002223
301267
000523
001221
600354
601877
600706
600478
601169
300895
000785
600505
002714
002455
301589
601568
300687
002465
600611
301068
601607
301016
300756
000610
600975
301220
300949
600731
002731
300594
300976
002178
300830
300226
002910
600363
000830
300644
601068
002124
000820
002190
300347
301171
002239
300018
301217
600536
002425
300558
001223
300217
300503
301097
300123
002155
600961
000559
300234
301129
301307
002069
600132
600352
002632
600157
002993
301200
600315
300840
300546
600186
001289
600295
300424
300643
301571
300003
300205
600681
301235
600509
000030
300869
300604
000590
300617
002933
002144
300062
002669
002016
601880
300002
300071
600821
000055
600097
002276
601966
301115
000733
300879
301063
301137
600900
301611
000547
600839
300970
002164
000625
002310
000678
300458
300460
300168
300275
300429
000851
002872
600882
600185
300915
300563
300196
600666
300154
300253
002766
002117
601727
600262
300990
600235
301314
000723
600206
002291
000099
301261
300517
300184
600310
000612
301156
300164
301010
301389
002623
002598
600266
300947
000902
300828
002443
600546
600665
601065
600573
300069
000955
300308
002194
301259
600525
002982
002689
002024
300334
301321
600657
600667
000651
300673
600744
000762
301558
600114
600668
301379
300706
002758
600941
300385
600674
000069
002132
000568
301227
301045
002345
002401
002311
002833
300675
000066
300886
002159
301117
300663
301077
002883
002678
300315
301349
301121
002749
002110
600893
301123
600986
600557
600662
300645
000630
300737
002005
601636
301273
001285
301197
600658
002227
600486
300339
002210
601231
601186
001322
000582
301228
301185
002459
300432
300490
600626
600787
002180
300655
000607
301038
001211
002527
000932
300305
600523
601118
002808
000852
002780
000711
600587
002282
002771
000892
300049
300820
600644
002340
300839
002928
301076
002990
600738
000931
002606
002980
300472
600733
002728
300494
002055
600612
600810
600125
300285
000617
600727
002429
300740
002192
601208
600200
002255
002407
600051
300092
002866
002798
600135
300613
600007
301229
600967
002389
600376
300113
300252
000665
002945
600578
002947
000989
002125
002836
301317
002394
600155
000895
300991
600218
002379
002091
002940
000777
301201
300036
002717
300072
600303
002006
601112
600726
601665
002521
301019
300063
300019
000823
300159
000880
600329
300597
600996
600853
300626
301308
600182
000686
001208
300922
300719
300551
300712
002230
001206
300556
600356
002614
600874
002759
002428
000561
301398
002372
000028
300434
002884
000631
601211
600331
300342
002054
301148
002753
300318
301221
002999
002782
600643
300256
300738
000627
000952
600776
002424
600351
002368
300561
600241
600929
300582
301362
301386
000967
002596
300376
002735
002608
600833
002558
300294
300157
301395
002852
002378
301287
300735
002182
301110
301252
002535
000700
000598
300514
000100
001255
300291
300910
002802
600096
600894
600389
001366
600009
600566
002595
301162
601595
000753
000898
300838
000858
002785
002987
002777
300557
301529
300438
600886
300146
002084
601928
002765
601188
300876
002864
300245
002726
301315
300837
300101
300171
600361
002226
600547
000166
002548
300453
300667
000789
601677
300713
300941
000761
300151
601136
002307
000929
300222
300880
002042
000695
600195
002848
300236
300716
600056
002520
300180
002646
002555
000503
301073
002900
601113
000525
002592
600760
000036
300904
002496
300730
000636
601799
600035
600783
600365
600126
601166
002330
600172
300373
600807
300393
300853
002515
300795
600675
301169
600171
002891
002952
000919
601666
300937
002786
000963
002201
000513
002652
300814
002274
601555
001309
601618
002365
300583
600965
600885
002133
300332
300010
000564
000975
600579
300433
301372
600848
300370
600779
300641
600050
002585
301518
600062
600169
301049
300565
300043
300521
600119
002480
300233
300313
301360
002943
002963
002533
000933
300491
002913
600519
002518
000936
300591
000420
001317
000426
300464
002721
300191
300505
600599
301192
300374
600645
600207
002126
000978
000601
002218
002788
002028
301502
000977
300824
600661
002449
600537
001231
000592
601106
002221
601998
002470
002453
300537
300257
002198
002568
600712
600299
000017
002458
300647
002738
300829
300468
600995
300133
002561
300281
002635
001328
000859
002390
601688
000726
002713
002252
002905
601608
002691
600987
300788
002936
300786
301370
300815
002584
002879
601107
002242
300129
002200
002969
600298
000722
301278
301336
000759
002540
001219
600426
600998
000620
301062
002919
000953
600165
300075
600467
000860
002420
300800
600328
002355
002537
002468
002388
002967
301556
300042
601816
002524
600387
600029
601699
000417
300987
600116
300638
002475
301456
002903
300758
600785
300386
300973
001311
000757
002326
002991
600592
300229
301310
000890
601965
002196
002338
002675
002298
601019
002651
600446
301678
301632
301555
002436
600268
301662
300289
002655
300311
601999
000878
000828
301580
002369
002076
600543
300665
601398
600340
300357
300678
600717
301100
301665
300096
600250
002845
600455
300125
002404
600010
002968
000505
600449
301031
601901
301590
300459
002925
300772
002799
600371
300689
002387
601908
600973
300555
002539
002575
300747
001380
600540
002187
002075
600521
301037
300654
300835
300967
002653
002517
300851
600513
002157
600335
002328
300710
300769
000065
600391
002342
300499
601956
301392
600099
300079
001316
002880
301088
601615
002139
600338
002211
002898
600255
301393
601515
600737
601021
601066
600749
600976
600765
301682
002130
301399
002216
001378
300995
600990
002997
002052
600577
301260
600803
002112
301566
002439
600323
000301
002040
000731
300396
002588
601218
300284
300639
002811
002279
002294
002640
001389
300206
000829
301581
301026
002448
300152
002918
002043
300452
301636
000563
300746
002331
300553
600754
600685
600423
601801
002259
000020
000061
000888
002677
000007
000937
300883
300666
300688
002489
002277
601326
000925
600756
301188
002638
300955
600552
000951
600567
300176
000422
301448
300102
300292
001335
600970
301628
600179
300534
600881
601018
000517
300407
300250
000887
600693
000868
601997
600271
600153
301376
002457
300525
002695
002762
300306
600301
002249
300046
300403
002536
002364
002597
301067
300831
301368
000548
600892
002955
301429
600871
600768
000802
000401
600598
600759
601016
300441
002915
000531
002344
600814
600750
002309
002550
002431
600362
600309
301182
002865
002319
300183
601949
000959
601696
000893
600267
600778
300375
600697
601996
600955
300136
300522
002541
600053
300700
600251
300475
002141
002177
600282
002530
002572
301257
001216
002301
300806
600575
301332
002471
000400
300380
002840
600398
300965
002962
301421
002402
301193
301355
300809
600551
002416
002083
000850
300767
002134
002285
002730
600822
300685
301205
002478
002191
002664
300395
300377
000591
300921
002314
301272
300625
600671
301153
600199
600793
002760
301596
300440
300317
600028
600736
301601
300158
600624
301630
000558
002577
000721
600278
000709
300344
601003
301631
301539
000498
002823
600550
300779
301109
300567
300980
301510
600104
301092
300887
301656
002275
002662
002949
300369
600664
002352
002287
301629
601026
300279
301598
300532
600568
001391
002793
002127
300409
002935
001269
002551
601020
002594
300144
301119
600037
000688
002357
301618
000659
600748
002172
600621
600758
002956
002047
300345
300768
600493
301007
301525
301057
600828
301276
002199
300343
601888
601918
000062
301130
002181
300056
300804
600094
300610
002234
002322
300034
000791
001202
600150
002046
000705
600203
600730
301159
600867
300619
002685
301319
000557
001279
002212
600276
600917
000882
300414
601399
601007
002353
001301
301381
000807
002545
301219
300349
301040
300926
300411
600572
600192
301072
000572
300702
002315
000997
600280
300543
300881
300729
002445
600926
002674
002893
002463
002490
002060
600696
002767
002513
300997
600887
002324
000795
002195
300897
002971
300427
300404
600148
002067
002080
600602
000935
301607
600834
002702
600308
002149
600702
002262
301152
300547
601121
601005
300061
301222
600421
300141
002622
601619
301312
600073
300669
000676
600265
300182
300482
600501
600838
002831
600459
301380
002235
300443
002010
301559
000504
002643
300131
002816
000528
301029
300927
002377
002591
301268
002549
000985
300694
300185
600085
600238
600129
000565
002361
000736
002552
600583
600959
600120
600933
300074
300508
002902
002474
000039
601858
002869
301339
600476
600191
301131
002363
002386
002975
000950
300686
002035
301246
300775
600511
000697
601518
301266
301449
300365
002688
300324
300198
600479
300718
300986
000710
000716
600281
300736
002128
001227
000520
600026
002850
002745
600615
301048
000767
002050
001382
300538
002461
301236
300888
600989
002929
002867
600236
002543
600285
000048
000803
300255
002497
300353
002705
002966
000928
000070
300384
002105
300483
000507
300082
300552
301309
301305
600689
600232
600059
002636
601162
001368
601077
300875
601933
002724
300573
600699
600229
301258
601126
002698
002111
301089
300536
600231
300905
300371
002482
301591
300929
002306
000683
300844
300653
601388
300327
300201
002097
300562
300261
300783
002668
601686
300053
002038
300854
002297
600606
000797
000543
300766
301327
001696
002755
300165
300052
300469
301251
300047
002687
300966
002081
002374
300425
000717
600715
000669
301160
001369
301151
002787
300720
600918
300235
300612
601789
000822
300265
601869
300247
002422
002761
002142
600261
300436
301189
001331
300635
600382
301081
301102
600428
002188
600713
300260
600072
000581
300122
601825
600284
002563
000538
600497
300085
301061
000818
002460
002616
301139
600064
300241
002805
601198
002303
002251
301373
300909
301538
300008
301216
300668
002579
600008
002395
002847
600982
300065
002835
301105
001323
600825
301042
300015
600939
002409
000550
301108
300650
300642
300199
600845
301419
300584
002920
601919
000576
002837
002020
600380
002547
300379
002890
600635
600326
002817
300286
002400
300013
301333
002797
600113
002318
601609
300968
601333
300996
300855
300708
601616
002514
002725
600866
000948
002193
002241
000869
002637
600721
000981
002385
002238
601939
600966
301279
300378
600221
601601
002916
600081
002882
300951
001306
002173
002600
002476
002667
002267
600795
300857
600176
301300
300446
000011
000838
300084
002095
600343
300212
300014
001387
002391
601086
002748
002712
002265
600217
600307
600039
600396
601633
600651
002248
000509
300153
601058
301479
300031
000430
002863
600495
002519
301603
600977
600383
002581
000889
600600
300500
300161
300622
300513
000635
300822
300032
300696
600843
600846
300474
300272
002828
002329
601989
300066
300426
301311
002709
001236
301608
600127
002886
300790
000027
601377
600080
601022
000912
000885
300615
600960
300169
600023
301021
002412
600873
300900
002332
301198
002538
301388
001233
000404
001268
000014
002225
300115
300978
600633
601566
300338
600212
300957
600033
600367
001209
600761
002135
300681
301230
600293
001277
300846
000159
002430
300971
300936
000786
000035
001325
002988
001360
600183
000571
002014
002612
300959
002682
300457
002792
301578
600935
301120
601588
300214
300943
300192
601991
300295
002506
002981
300489
601921
001220
300055
600325
002743
301282
002488
300595
600703
601212
002860
301687
300400
000821
000532
600908
301366
601567
300940
301302
000973
000960
300035
300819
600827
000600
600515
300860
600608
001266
002138
300580
600216
300796
000911
000712
301170
002197
002240
601298
301041
300698
002068
601001
300471
000555
301005
002283
002498
600742
300682
000639
002375
600971
002136
300911
002376
002214
300251
301106
002582
600773
300707
002750
002686
600189
002565
002806
300760
002454
600780
301306
002103
002061
000409
300620
301498
002167
000682
301066
002302
002923
600571
301577
301515
300581
300791
600333
002566
300724
600895
002573
301178
301167
300656
002747
300020
600603
600826
300274
300189
000776
300864
300808
600283
002611
002293
000927
000720
600968
002380
301606
601360
300889
301208
600694
301345
000025
002868
300465
300757
000899
300894
002224
002907
600373
300554
002607
300276
601658
300140
300774
000719
300916
300143
301175
002830
600984
601800
002601
600375
301508
300021
002041
002812
300462
002586
300969
002587
300333
300351
002243
600489
300858
002839
601878
600215
002605
002484
002158
301446
300215
000810
002998
002232
300907
300725
000425
002757
000702
300070
002327
002185
600353
000750
601827
600879
300492
300723
301060
600673
600502
300870
301458
301002
301520
301626
300264
300785
002337
000698
600963
000756
300223
600901
002063
301028
000529
300224
600724
601519
601900
300605
002978
002895
300398
000516
000738
600452
000938
002053
002778
301357
600302
002672
002911
300527
002166
301285
301018
300759
002183
002189
301331
600808
301075
002571
301358
300321
300753
301668
600992
300657
002421
002312
300867
301155
000792
300516
000656
600339
300847
000782
301528
600909
000652
301359
600549
301418
300865
002273
002715
300280
300228
002121
300248
601600
600593
600782
000999
002245
301059
301093
002102
002064
600707
301179
000831
601228
300890
000790
300194
001313
300473
600816
600916
301658
300296
300983
300848
301301
600718
600605
600777
002708
301195
300560
300834
002801
000909
000685
000839
601606
000514
002073
301428
002507
002175
600858
601328
002017
301320
300173
300195
002186
002826
600569
600684
000883
300397
300413
301177
000751
600764
000905
000595
002163
301330
002397
300542
601890
002487
001280
300568
002701
300727
300484
001318
300629
002511
301592
000060
301408
301616
601225
000428
300319
600052
002086
002986
002838
002693
001256
301585
600390
600018
002641
301586
300925
300095
600336
002810
301046
001225
600487
301210
002367
000609
000681
300466
000680
600463
600141
300575
301526
300219
002657
601156
000910
000701
600337
002366
002137
002292
002856
600580
002026
300163
600359
600095
000980
000921
601368
002528
300956
000526
601319
300787
002208
001356
001230
300463
002554
300507
000628
002036
002146
600128
600576
002495
300960
001914
600875
000875
002881
301136
000088
301090
000969
301122
000623
002115
300005
000521
600388
601127
002617
002334
600820
002343
301565
301551
601512
300242
301238
000029
002681
002859
300086
301296
000735
300773
600036
000151
600079
600729
600230
002213
301030
001339
600585
000990
600763
301298
600490
601778
600170
600313
301015
002938
301326
000691
300170
002878
000544
600985
301051
300593
600249
600728
300948
300852
301248
300422
300705
002627
301069
600386
000906
002339
300041
000983
600460
300456
000410
600406
002254
002961
300108
300160
301196
600517
301371
000510
300415
300821
300341
301638
301017
600864
600682
002231
002694
600850
300138
600111
002789
002941
002696
301186
301363
601038
002295
301209
002976
600527
002983
601898
300999
300024
000668
002795
300531
300155
002809
601963
000415
002313
002171
300076
600819
600330
600925
600854
600066
000553
600604
600399
300249
301218
002889
000766
002079
600020
600789
600594
301378
301277
002202
600962
600480
300187
300103
300437
600123
002494
301588
601689
300699
002870
002562
000004
600462
600535
002104
300586
002434
600058
300106
300849
000518
600151
300989
601975
600794
600006
300652
002011
300220
002289
300094
600817
300428
000739
301071
000533
601336
601133
300892
300485
002209
002875
002051
600884
300497
300745
600877
300417
301157
000411
002452
301058
300132
301138
002522
002930
001222
000633
002350
000603
002827
002516
301468
000597
301225
300984
300823
002676
002775
000026
002906
300098
002671
002119
600190
600719
300805
002727
000886
002737
002877
301213
600038
300985
000338
301161
001226
600623
601995
000729
002217
002398
002335
000812
300743
002336
601155
300352
600691
002841
600410
600025
301335
002169
002321
300366
301231
002995
002323
000058
300550
002567
300045
300504
301297
600642
301387
002299
002960
300866
301020
301166
000037
301181
300701
300340
300091
300634
300258
600084
301500
600075
000016
000957
601158
002574
300487
000900
002645
600210
000050
600746
002022
600538
301149
001278
000930
300633
300142
000713
000157
000638
002405
301050
000001
002034
600208
002654
002815
002649
002897
300878
000972
301070
002382
600869
000551
300107
002722
300073
002031
601061
002989
002560
300288
600790
600060
300611
002261
001215
002946
300566
300166
002472
601599
600219
002354
300519
300213
002399
002096
002362
000650
002774
300776
000619
300077
300549
601988
600222
600488
001210
001205
600152
600503
600804
000881
002419
300302
300012
300350
301270
600692
600448
300126
002469
300405
002580
301295
300683
002615
600063
002203
601838
601916
600131
002206
301519
002348
002007
300833
300588
300908
600162
000010
300121
300862
002746
002670
600936
601798
600160
002373
600422
301111
002093
301600
300322
600735
300232
300576
002045
301361
300301
002161
601233
300293
002109
300162
600461
002673
000403
601968
600938
002246
600784
002062
002508
002029
002626
600688
300906
301191
002939
002281
300266
300243
601865
002012
300585
600100
002492
002931
000958
600027
002973
001207
301602
600178
600993
301560
300430
301501
002049
002979
301609
002901
002131
300609
600582
002589
002268
000998
600518
300204
002800
000725
601187
000962
002403
300244
600429
002101
300175
301091
301568
600655
002861
600653
600897
600906
601137
301047
002569
002660
002842
300950
002985
002346
002984
002661
002832
600690
300771
600928
600101
002829
301283
002739
002044
002229
600292
000541
601226
600109
002039
601088
600234
000593
001259
002408
301325
301128
000402
601766
601318
600346
600420
300048
300733
600188
600032
600067
002088
601777
601366
002843
301183
002001
300221
000158
300401
002825
002446
600372
002027
000800
002371
600211
002707
300868
301011
001283
301567
300731
000156
601500
300589
000819
002590
300616
002347
002056
002697
300078
301367
301265
600246
301098
000788
600305
300726
000663
600243
002290
002656
000615
601138
002932
300979
002846
300793
001338
300134
002951
000042
300628
301163
002570
002304
300068
301125
000537
300435
300748
601390
601108
300891
000815
301516
600397
301078
300444
000570
300863
600496
000408
002154
300442
600082
000727
002887
300801
300750
300816
600180
600743
002510
300423
002008
300676
002849
300590
600158
002015
600475
300363
600798
601179
002658
301207
300320
002162
300930
002222
000809
000768
300649
002642
600098
600143
002853
600561
300080
300818
601083
301289
002058
001239
002116
300486
601089
002851
002107
301226
601012
301006
301085
300364
000825
300498
000596
600425
300004
001388
300314
601015
300017
002819
300039
600533
600526
600269
001228
002148
300470
600055
002734
300939
002156
301033
600711
600022
600368
000056
002057
601117
000965
300898
300447
600444
600355
300399
300037
002741
600522
300845
000897
300506
600548
601969
300998
002140
300717
600089
000519
600863
600223
300502
002546
600272
601111
301212
601163
002639
300387
002772
301103
600927
300283
301316
300408
000966
301369
001314
002970
300608
000862
300410
301239
600030
600628
301141
600654
301613
301187
600818
002896
300303
000049
600880
002078
600381
000917
301150
300919
300290
002921
601985
301126
002583
001260
601002
600358
002768
002779
000009
000632
002959
000506
601375
301377
301012
600088
300006
002628
300051
301318
601857
002578
002092
002393
001203
601899
000922
300763
301056
002479
300672
000995
300624
000752
301536
600248
600233
300958
002873
002349
300331
300455
300913
600118
000605
000679
600149
002630
002813
300807
001238
600734
002059
600905
301522
300749
300884
002723
300227
002876
000661
600316
001258
002491
601116
001896
002613
002098
600057
300493
002236
600815
002926
301206
301557
002692
301087
600477
002899
600322
600613
300139
300803
000737
600841
300826
600835
000423
002009
600177
002356
002523
300797
301127
300975
300877
301004
600903
